Energy (cm-1)	Wavelength (nm)	Oscillator strength
50000.0	200.0	177340.548394
49939.8797595	200.240770465	151729.514649
49879.759519	200.482121334	129536.711282
49819.6392786	200.724054706	110354.691643
49759.5190381	200.966572694	93817.8767133
49699.3987976	201.209677419	79599.459531
49639.2785571	201.453371013	67408.3988127
49579.1583166	201.697655618	56986.5309835
49519.0380762	201.942533387	48105.8248394
49458.9178357	202.188006483	40565.7986535
49398.7975952	202.434077079	34191.1157084
49338.6773547	202.68074736	28829.3710086
49278.5571142	202.92801952	24349.0793004
49218.4368737	203.175895765	20637.8724974
49158.3166333	203.424378312	17600.9131569
49098.1963928	203.673469388	15159.5297622
49038.0761523	203.92317123	13250.0792054
48977.9559118	204.173486088	11823.0420085
48917.8356713	204.424416223	10842.3564285
48857.7154309	204.675963905	10284.9986315
48797.5951904	204.928131417	10140.817552
48737.4749499	205.180921053	10412.6348234
48677.3547094	205.434335117	11116.6222432
48617.2344689	205.688375927	12282.9715589
48557.1142285	205.943045811	13956.8738768
48496.993988	206.198347107	16199.8286482
48436.8737475	206.454282168	19091.3049095
48376.753507	206.710853355	22730.7801641
48316.6332665	206.968063044	27240.1849303
48256.5130261	207.225913621	32766.7834262
48196.3927856	207.484407484	39486.5230466
48136.2725451	207.743547044	47607.8870746
48076.1523046	208.003334723	57376.286359
48016.0320641	208.263772955	69079.0263321
47955.9118236	208.524864187	83050.8856081
47895.7915832	208.786610879	99680.341333
47835.6713427	209.049015501	119416.474297
47775.5511022	209.312080537	142776.583399
47715.4308617	209.575808484	170354.5342
47655.3106212	209.84020185	202829.859858
47595.1903808	210.105263158	240977.624538
47535.0701403	210.370994941	285679.049222
47474.9498998	210.637399747	337932.887723
47414.8296593	210.904480135	398867.526263
47354.7094188	211.17223868	469753.763421
47294.5891784	211.440677966	552018.208239
47234.4689379	211.709800594	647257.21304
47174.3486974	211.979609176	757251.233944
47114.2284569	212.250106338	883979.486308
47054.1082164	212.521294719	1029634.73465
46993.987976	212.793176972	1196638.02705
46933.8677355	213.065755764	1387653.15336
46873.747495	213.339033775	1605600.57438
46813.6272545	213.613013699	1853670.53735
46753.507014	213.887698243	2135335.06059
46693.3867735	214.163090129	2454358.43929
46633.2665331	214.439192093	2814805.89473
46573.1462926	214.716006885	3221049.96248
46513.0260521	214.993537268	3677774.19188
46452.9058116	215.271786022	4189973.71032
46392.7855711	215.55075594	4762952.19305
46332.6653307	215.830449827	5402314.77278
46272.5450902	216.110870507	6113956.42544
46212.4248497	216.392020815	6904045.37885
46152.3046092	216.673903604	7779001.11182
46092.1843687	216.956521739	8745466.54281
46032.0641283	217.239878102	9810274.0503
45971.9438878	217.523975588	10980405.0227
45911.8236473	217.80881711	12262942.7035
45851.7034068	218.094405594	13665018.1785
45791.5831663	218.380743982	15193749.4459
45731.4629259	218.667835232	16856173.6138
45671.3426854	218.955682317	18659172.3915
45611.2224449	219.244288225	20609391.1622
45551.1022044	219.533655961	22713152.0675
45490.9819639	219.823788546	24976361.6722
45430.8617234	220.114689016	27404413.9303
45370.741483	220.406360424	30002089.319
45310.6212425	220.698805838	32773451.1604
45250.501002	220.992028344	35721740.2933
45190.3807615	221.286031042	38849269.3976
45130.260521	221.580817052	42157318.3982
45070.1402806	221.876389506	45646032.4897
45010.0200401	222.172751558	49314324.4168
44949.8997996	222.469906375	53159782.7153
44889.7795591	222.767857143	57178587.6697
44829.6593186	223.066607063	61365436.7578
44769.5390782	223.366159355	65713481.3431
44709.4188377	223.666517257	70214276.3302
44649.2985972	223.967684022	74857744.4162
44589.1783567	224.269662921	79632156.4588
44529.0581162	224.572457246	84524129.327
44468.9378758	224.876070302	89518642.4151
44408.8176353	225.180505415	94599073.7802
44348.6973948	225.485765929	99747256.6108
44288.5771543	225.791855204	104943556.454
44228.4569138	226.09877662	110166969.326
44168.3366733	226.406533575	115395240.504
44108.2164329	226.715129487	120605003.462
44048.0961924	227.024567789	125771938.065
43987.9759519	227.334851936	130870946.801
43927.8557114	227.645985401	135876347.466
43867.7354709	227.957971677	140762080.412
43807.6152305	228.270814273	145501928.156
43747.49499	228.58451672	150069744.851
43687.3747495	228.899082569	154439692.905
43627.254509	229.214515388	158586483.793
43567.1342685	229.530818767	162485619.967
43507.0140281	229.847996315	166113634.665
43446.8937876	230.166051661	169448326.344
43386.7735471	230.484988453	172468984.471
43326.6533066	230.804810361	175156603.479
43266.5330661	231.125521075	177494081.786
43206.4128257	231.447124304	179466402.975
43146.2925852	231.769623781	181060796.441
43086.1723447	232.093023256	182266875.109
43026.0521042	232.417326502	183076748.139
42965.9318637	232.742537313	183485106.912
42905.8116232	233.068659505	183489282.981
42845.6913828	233.395696913	183089277.109
42785.5711423	233.723653396	182287758.942
42725.4509018	234.052532833	181090037.337
42665.3306613	234.382339126	179504001.805
42605.2104208	234.713076199	177540035.958
42545.0901804	235.044747998	175210904.317
42484.9699399	235.377358491	172531614.173
42424.8496994	235.710911667	169519254.623
42364.7294589	236.045411542	166192815.169
42304.6092184	236.380862151	162572986.595
42244.488978	236.717267552	158681947.016
42184.3687375	237.054631829	154543136.213
42124.248497	237.392959087	150181021.43
42064.1282565	237.732253454	145620857.915
42004.008016	238.072519084	140888447.448
41943.8877756	238.413760153	136009898.049
41883.7675351	238.755980861	131011387.974
41823.6472946	239.099185434	125918936.892
41763.5270541	239.443378119	120758186.979
41703.4068136	239.788563191	115554196.393
41643.2865731	240.134744947	110331247.315
41583.1663327	240.481927711	105112670.433
41523.0460922	240.83011583	99920687.4313
41462.9258517	241.179313678	94776272.6917
41402.8056112	241.529525653	89699035.0789
41342.6853707	241.88075618	84707120.3317
41282.5651303	242.233009709	79817134.2534
41222.4448898	242.586290715	75044086.5677
41162.3246493	242.9406037	70401355.0071
41102.2044088	243.295953194	65900668.9224
41042.0841683	243.65234375	61552111.4539
40981.9639279	244.009779951	57364139.0842
40921.8436874	244.368266405	53343617.2104
40861.7234469	244.727807749	49495870.2241
40801.6032064	245.088408644	45824744.4709
40741.4829659	245.450073783	42332682.386
40681.3627255	245.812807882	39020806.0566
40621.242485	246.176615688	35889008.4502
40561.1222445	246.541501976	32936050.5675
40501.002004	246.907471549	30159662.8267
40440.8817635	247.274529237	27556649.0563
40380.761523	247.642679901	25122991.5689
40320.6412826	248.011928429	22853955.8984
40260.5210421	248.382279741	20744193.9096
40200.4008016	248.753738784	18787844.1272
40140.2805611	249.126310534	16978628.2734
40080.1603206	249.5	15309943.1515
40020.0400802	249.874812218	13774947.1628
39959.9198397	250.250752257	12366640.8898
39899.7995992	250.627825213	11077941.3199
39839.6793587	251.006036217	9901749.42025
39779.5591182	251.385390428	8831010.90035
39719.4388778	251.765893037	7858770.1134
39659.3186373	252.147549267	6978217.155
39599.1983968	252.530364372	6182728.30819
39539.0781563	252.914343639	5465900.06522
39478.9579158	253.299492386	4821577.02331
39418.8376754	253.685815963	4243874.00724
39358.7174349	254.073319756	3727192.81417
39298.5971944	254.462009179	3266234.00754
39238.4769539	254.851889683	2856004.20786
39178.3567134	255.242966752	2491819.33856
39118.2364729	255.635245902	2169304.28745
39058.1162325	256.028732683	1884389.43827
38997.995992	256.423432682	1633304.51422
38937.8757515	256.819351518	1412570.15721
38877.755511	257.216494845	1218987.64377
38817.6352705	257.614868353	1049627.1121
38757.5150301	258.014477766	901814.64581
38697.3947896	258.415328845	773118.529314
38637.2745491	258.817427386	661334.957877
38577.1543086	259.220779221	564473.453891
38517.0340681	259.625390219	480742.209162
38456.9138277	260.031266285	408533.542627
38396.7935872	260.438413361	346409.633643
38336.6733467	260.846837428	293088.663512
38276.5531062	261.256544503	247431.472281
38216.4328657	261.66754064	208428.814411
38156.3126253	262.079831933	175189.275628
38096.1923848	262.493424513	146927.894291
38036.0721443	262.908324552	122955.513856
37975.9519038	263.324538259	102668.878527
37915.8316633	263.742071882	85541.4717494
37855.7114228	264.16093171	71115.0868105
37795.5911824	264.581124072	58992.1103083
37735.4709419	265.002655337	48828.4924012
37675.3507014	265.425531915	40327.37252
37615.2304609	265.849760256	33233.3253399
37555.1102204	266.275346852	27327.1891692
37494.98998	266.702298236	22421.4373209
37434.8697395	267.130620985	18356.0523525
37374.749499	267.560321716	14994.8631395
37314.6292585	267.991407089	12222.305446
37254.509018	268.423883808	9940.56786093
37194.3887776	268.857758621	8067.08655383
37134.2685371	269.293038316	6532.35418716
37074.1482966	269.72972973	5278.01039865
37014.0280561	270.16783974	4255.18347898
36953.9078156	270.607375271	3423.05514165
36893.7875752	271.048343292	2747.62256732
36833.6673347	271.490750816	2200.63415863
36773.5470942	271.934604905	1758.67763066
36713.4268537	272.379912664	1402.40115966
36653.3066132	272.826681247	1115.85030037
36593.1863727	273.274917853	885.90524548
36533.0661323	273.724629731	701.804733086
36472.9458918	274.175824176	554.744503459
36412.8256513	274.628508531	437.539666327
36352.7054108	275.082690187	344.341665155
36292.5851703	275.538376588	270.401720745
36232.4649299	275.995575221	211.8737086
36172.3446894	276.454293629	165.650380131
36112.2244489	276.914539401	129.227684919
36052.1042084	277.376320178	100.592698199
35991.9839679	277.839643653	78.1313129906
35931.8637275	278.304517568	60.552428413
35871.743487	278.770949721	46.8258627786
35811.6232465	279.238947957	36.1316500454
35751.503006	279.708520179	27.8187484928
35691.3827655	280.17967434	21.3715080034
35631.2625251	280.652418448	16.3825134723
35571.1422846	281.126760563	12.5306524691
35511.0220441	281.602708804	9.56345062132
35450.9018036	282.08027134	7.28288302176
35390.7815631	282.559456399	5.53400853348
35330.6613226	283.040272263	4.19588991158
35270.5410822	283.522727273	3.1743594998
35210.4208417	284.006829824	2.39627077323
35150.3006012	284.492588369	1.8049427046
35090.1803607	284.980011422	1.35655900601
35030.0601202	285.469107551	1.01732961228
34969.9398798	285.959885387	0.761258930273
34909.8196393	286.452353617	0.568395746608
34849.6993988	286.946520989	0.423464423391
34789.5791583	287.442396313	0.314797095721
34729.4589178	287.939988459	0.233502839234
34669.3386774	288.439306358	0.172822888456
34609.2184369	288.940359004	0.127631531564
34549.0981964	289.443155452	0.0940507604368
34488.9779559	289.947704823	0.0691535105471
34428.8577154	290.454016298	0.0507357075913
34368.7374749	290.962099125	0.0371416129362
34308.6172345	291.471962617	0.0271303454542
34248.496994	291.98361615	0.0197741302417
34188.3767535	292.497069168	0.0143809287734
34128.256513	293.01233118	0.010435756416
34068.1362725	293.529411765	0.00755628550774
34008.0160321	294.048320566	0.00545934053074
33947.8957916	294.569067296	0.00393567639888
33887.7755511	295.091661739	0.00283103946583
33827.6553106	295.616113744	0.00203198163474
33767.5350701	296.142433234	0.00145526108518
33707.4148297	296.670630202	0.00103994244734
33647.2945892	297.200714711	0.00074152348988
33587.1743487	297.732696897	0.000527579250538
33527.0541082	298.26658697	0.00037453952162
33466.9338677	298.80239521	0.000265310667707
33406.8136273	299.340131974	0.00018752486183
33346.6933868	299.879807692	0.000132254372511
33286.5731463	300.421432872	9.30696821107e-005
33226.4529058	300.965018094	6.53511733283e-005
33166.3326653	301.510574018	4.57873466007e-005
33106.2124248	302.05811138	3.20099099469e-005
33046.0921844	302.607640995	2.23290515115e-005
32985.9719439	303.159173755	1.55418568606e-005
32925.8517034	303.712720633	1.07939971148e-005
32865.7314629	304.268292683	7.48011734464e-006
32805.6112224	304.825901038	5.17227015711e-006
32745.490982	305.385556916	3.56862260884e-006
32685.3707415	305.947271613	2.4567820537e-006
32625.250501	306.511056511	1.68763755018e-006
32565.1302605	307.076923077	1.15674657582e-006
32505.01002	307.644882861	7.91122454822e-007
32444.8897796	308.214947498	5.39877960363e-007
32384.7695391	308.787128713	3.67615517074e-007
32324.6492986	309.361438314	2.49768905457e-007
32264.5290581	309.937888199	1.69328147165e-007
32204.4088176	310.516490355	1.14542363598e-007
32144.2885772	311.097256858	7.73124208478e-008
32084.1683367	311.680199875	5.20689115709e-008
32024.0480962	312.265331665	3.49907917266e-008
31963.9278557	312.852664577	2.34625401358e-008
31903.8076152	313.442211055	1.56979240495e-008
31843.6873747	314.033983638	1.04798556286e-008
31783.5671343	314.627994956	6.98094477634e-009
31723.4468938	315.224257738	4.6400095675e-009
31663.3266533	315.82278481	3.07729594482e-009
31603.2064128	316.423589093	2.03641042383e-009
31543.0861723	317.026683609	1.34464288949e-009
31482.9659319	317.632081477	8.85919276968e-010
31422.8456914	318.239795918	5.82407326532e-010
31362.7254509	318.849840256	3.82036568e-010
31302.6052104	319.462227913	2.50050892332e-010
31242.4849699	320.076972418	1.63304138747e-010
31182.3647295	320.694087404	1.0641705197e-010
31122.244489	321.313586607	6.91943198635e-011
31062.1242485	321.935483871	4.48926036927e-011
31002.004008	322.559793148	2.90619138794e-011
30941.8837675	323.186528497	1.87723496412e-011
30881.7635271	323.815704088	1.20992375005e-011
30821.6432866	324.4473342	7.7811224734e-012
30761.5230461	325.081433225	4.99311214087e-012
30701.4028056	325.718015666	3.19701847347e-012
30641.2825651	326.357096141	2.0425075248e-012
30581.1623246	326.998689384	1.30204746041e-012
30521.0420842	327.642810243	8.2819867415e-013
30460.9218437	328.289473684	5.25637994273e-013
30400.8016032	328.938694792	3.32876706692e-013
30340.6813627	329.590488771	2.10341243165e-013
30280.5611222	330.244870946	1.32620229576e-013
30220.4408818	330.901856764	8.34332878397e-014
30160.3206413	331.561461794	5.23736834773e-014
30100.2004008	332.223701731	3.28043164913e-014
30040.0801603	332.888592395	2.05018435235e-014
29979.9599198	333.556149733	1.27849436181e-014
29919.8396794	334.226389819	7.9551547987e-015
29859.7194389	334.899328859	4.93903725243e-015
29799.5991984	335.574983188	3.05970637427e-015
29739.4789579	336.253369272	1.89130215222e-015
29679.3587174	336.934503714	1.16650265506e-015
29619.238477	337.618403248	7.17883760329e-016
29559.1182365	338.305084746	4.40824823209e-016
29498.997996	338.994565217	2.70098021897e-016
29438.8777555	339.686861811	1.65127781656e-016
29378.757515	340.381991814	1.00730781604e-016
29318.6372745	341.079972659	6.13122858663e-017
29258.5170341	341.780821918	3.72371120554e-017
29198.3967936	342.48455731	2.25656364767e-017
29138.2765531	343.191196699	1.36446445999e-017
29078.1563126	343.900758098	8.2322745511e-018
29018.0360721	344.613259669	4.95587533878e-018
28957.9158317	345.328719723	2.97689655314e-018
28897.7955912	346.047156727	1.78422609823e-018
28837.6753507	346.768589298	1.06703518198e-018
28777.5551102	347.493036212	6.36722548847e-019
28717.4348697	348.220516399	3.79109173539e-019
28657.3146293	348.951048951	2.25227212228e-019
28597.1943888	349.684653118	1.33511866216e-019
28537.0741483	350.421348315	7.89698369774e-020
28476.9539078	351.161154117	4.66063314073e-020
28416.8336673	351.904090268	2.74454800762e-020
28356.7134269	352.650176678	1.61264551405e-020
28296.5931864	353.399433428	9.45472920894e-021
28236.4729459	354.151880767	5.53097010144e-021
28176.3527054	354.907539118	3.22846062443e-021
28116.2324649	355.666429081	1.8803191858e-021
28056.1122244	356.428571429	1.09272151573e-021
27995.991984	357.193987115	6.33620439718e-022
27935.8717435	357.962697274	3.6659839839e-022
27875.751503	358.734723221	2.11637967613e-022
27815.6312625	359.510086455	1.21909673872e-022
27755.511022	360.288808664	7.00687320664e-023
27695.3907816	361.070911722	4.01838722363e-023
27635.2705411	361.856417694	2.29943257999e-023
27575.1503006	362.645348837	1.31289768227e-023
27515.0300601	363.437727604	7.47966802154e-024
27454.9098196	364.233576642	4.25182066028e-024
27394.7895792	365.0329188	2.41161881138e-024
27334.6693387	365.835777126	1.36484531247e-024
27274.5490982	366.642174871	7.70724531363e-025
27214.4288577	367.452135493	4.3426601949e-025
27154.3086172	368.265682657	2.44148109148e-025
27094.1883768	369.082840237	1.36959344888e-025
27034.0681363	369.90363232	7.66603325248e-026
26973.9478958	370.72808321	4.28144518213e-026
26913.8276553	371.556217424	2.38589141293e-026
26853.7074148	372.388059701	1.32663513291e-026
26793.5871743	373.223635004	7.36025372934e-027
26733.4669339	374.062968516	4.07450153991e-027
26673.3466934	374.90608565	2.2505907676e-027
26613.2264529	375.753012048	1.2403917357e-027
26553.1062124	376.603773585	6.82120996183e-028
26492.9859719	377.458396369	3.74286473545e-028
26432.8657315	378.316906748	2.04921226579e-028
26372.745491	379.179331307	1.11946314413e-028
26312.6252505	380.045696877	6.10200601288e-029
26252.50501	380.916030534	3.31875643261e-029
26192.3847695	381.790359602	1.80101772341e-029
26132.2645291	382.668711656	9.75215040524e-030
26072.1442886	383.551114527	5.26893126133e-030
26012.0240481	384.437596302	2.84043171829e-030
25951.9038076	385.328185328	1.52786785661e-030
25891.7835671	386.222910217	8.2002443942e-031
25831.6633267	387.121799845	4.39144350855e-031
25771.5430862	388.024883359	2.34653615083e-031
25711.4228457	388.932190179	1.25108433184e-031
25651.3026052	389.84375	6.65556992085e-032
25591.1823647	390.759592796	3.53283364444e-032
25531.0621242	391.679748823	1.87111439688e-032
25470.9418838	392.604248623	9.88818656546e-033
25410.8216433	393.533123028	5.21401247583e-033
25350.7014028	394.466403162	2.74325719426e-033
25290.5811623	395.404120444	1.44012430087e-033
25230.4609218	396.346306593	7.54349082888e-034
25170.3406814	397.292993631	3.94260833347e-034
25110.2204409	398.244213887	2.05605027918e-034
25050.1002004	399.2	1.06984927867e-034
24989.9799599	400.160384924	5.55456666917e-035
24929.8597194	401.125401929	2.8775072995e-035
24869.739479	402.095084609	1.48737780152e-035
24809.6192385	403.069466882	7.67122490343e-036
24749.498998	404.048582996	3.94772272134e-036
24689.3787575	405.032467532	2.02706194534e-036
24629.258517	406.021155411	1.03854615343e-036
24569.1382766	407.014681892	5.30912477858e-037
24509.0180361	408.013082584	2.70806049866e-037
24448.8977956	409.016393443	1.37826281773e-037
24388.7775551	410.024650781	6.99912766441e-038
24328.6573146	411.037891269	3.54645078426e-038
24268.5370741	412.056151941	1.79300729589e-038
24208.4168337	413.079470199	9.04499276635e-039
24148.2965932	414.107883817	4.55273518182e-039
24088.1763527	415.141430948	2.28651736928e-039
24028.0561122	416.180150125	1.14581504719e-039
23967.9358717	417.224080268	5.7291789905e-040
23907.8156313	418.273260687	2.8583016843e-040
23847.6953908	419.327731092	1.42285779502e-040
23787.5751503	420.387531592	7.06728556852e-041
23727.4549098	421.452702703	3.50252663669e-041
23667.3346693	422.523285351	1.73199993185e-041
23607.2144289	423.599320883	8.54578309558e-042
23547.0941884	424.680851064	4.20720221073e-042
23486.9739479	425.767918089	2.06667595391e-042
23426.8537074	426.860564585	1.01295189615e-042
23366.7334669	427.958833619	4.95384766141e-043
23306.6132265	429.062768702	2.41731818109e-043
23246.492986	430.172413793	1.17696159404e-043
23186.3727455	431.28781331	5.71778765093e-044
23126.252505	432.409012132	2.77160264988e-044
23066.1322645	433.536055604	1.34051316957e-044
23006.012024	434.668989547	6.46916652938e-045
22945.8917836	435.807860262	3.11503308221e-045
22885.7715431	436.952714536	1.49662859994e-045
22825.6513026	438.103599649	7.17467808355e-046
22765.5310621	439.26056338	3.43184575921e-046
22705.4108216	440.423654016	1.63790995307e-046
22645.2905812	441.592920354	7.79990230157e-047
22585.1703407	442.768411713	3.7061683516e-047
22525.0501002	443.950177936	1.75710584148e-047
22464.9298597	445.138269402	8.31203688015e-048
22404.8096192	446.33273703	3.9233198951e-048
22344.6893788	447.533632287	1.84772213158e-048
22284.5691383	448.741007194	8.68272893803e-049
22224.4488978	449.954914337	4.07110618092e-049
22164.3286573	451.175406872	1.90460614798e-049
22104.2084168	452.402538531	8.89066941923e-050
22044.0881764	453.636363636	4.14095235099e-050
21983.9679359	454.876937101	1.92443150296e-050
21923.8476954	456.124314442	8.92362063104e-051
21863.7274549	457.378551787	4.12872655244e-051
21803.6072144	458.639705882	1.90602014187e-051
21743.4869739	459.907834101	8.77960868295e-052
21683.3667335	461.182994455	4.03514462997e-052
21623.246493	462.465245598	1.8504582422e-052
21563.1262525	463.75464684	8.46711922733e-053
21503.006012	465.051258155	3.86570072766e-053
21442.8857715	466.355140187	1.76099010797e-053
21382.7655311	467.666354264	8.0042695096e-054
21322.6452906	468.984962406	3.63013315787e-054
21262.5250501	470.311027333	1.64270447683e-054
21202.4048096	471.644612476	7.4170690965e-055
21142.2845691	472.985781991	3.34149776841e-055
21082.1643287	474.33460076	1.5020554308e-055
21022.0440882	475.691134414	6.73700152973e-056
20961.9238477	477.055449331	3.01497143477e-056
20901.8036072	478.427612656	1.34628062501e-056
20841.6833667	479.807692308	5.99823941528e-057
20781.5631263	481.195756991	2.66653797253e-057
20721.4428858	482.591876209	1.18278959048e-057
20661.3226453	483.996120272	5.23483417789e-058
20601.2024048	485.408560311	2.31171371118e-058
20541.0821643	486.829268293	1.01859331773e-058
20480.9619238	488.258317025	4.47819727319e-059
20420.8416834	489.695780177	1.96445106439e-059
20360.7214429	491.141732283	8.5983431714e-060
20300.6012024	492.596248766	3.75512044301e-060
20240.4809619	494.059405941	1.63632089748e-060
20180.3607214	495.531281033	7.11456845954e-061
20120.240481	497.011952191	3.08648450435e-061
20060.1202405	498.501498501	1.33602647332e-061
20000.0	500.0	5.77034026895e-062